patRIL	chamber	Pre	Learning	Memory
A4.asc	0	13.00	336.0	434.0
A4.asc	2	167.0	1192.	367.0
A4.asc	5	207.0	2058.	1020.
A4.asc	8	153.0	1947.	900.0
A4.asc	9	230.0	2483.	1033.
A4.asc	12	231.0	2040.	904.0
A4.asc	14	222.0	2252.	1086.
A4.asc	15	244.0	1511.	928.0
A4.asc	0	246.0	1779.	1040.
A4.asc	2	185.0	2014.	774.0
A4.asc	4	87.00	324.0	119.0
A4.asc	5	223.0	453.0	477.0
A4.asc	8	187.0	1380.	529.0
A4.asc	9	202.0	2017.	1055.
A4.asc	12	212.0	2282.	1121.
A4.asc	14	219.0	2106.	1103.
A4.asc	15	133.0	1019.	329.0
A4.asc	0	230.0	2328.	1056.
A4.asc	2	202.0	1996.	882.0
A4.asc	4	220.0	2228.	1135.
A4.asc	5	201.0	2029.	896.0
A4.asc	6	165.0	1887.	828.0
A4.asc	8	201.0	2072.	914.0
A4.asc	9	228.0	2414.	921.0
A4.asc	10	140.0	1226.	539.0
A4.asc	12	232.0	1878.	1002.
A4.asc	14	223.0	1369.	757.0
A4.asc	15	189.0	1874.	654.0
A4.asc	0	162.0	1805.	716.0
A4.asc	2	169.0	1034.	81.00
A4.asc	4	218.0	1708.	741.0
A4.asc	5	226.0	2292.	1133.
A4.asc	6	222.0	2019.	819.0
A4.asc	8	201.0	1985.	924.0
A4.asc	9	211.0	1156.	66.00
A4.asc	10	167.0	1369.	343.0
A4.asc	12	203.0	2031.	913.0
A4.asc	15	133.0	1162.	49.00
A4.asc	0	157.0	1777.	702.0
A4.asc	2	207.0	1817.	925.0
A4.asc	4	213.0	2064.	842.0
A4.asc	5	189.0	588.0	80.00
A4.asc	6	220.0	1196.	509.0
A4.asc	8	218.0	1153.	0.0000
A4.asc	9	160.0	1716.	237.0
A4.asc	10	166.0	1990.	647.0
A4.asc	12	207.0	1275.	615.0
A4.asc	14	215.0	2128.	8.000
A4.asc	15	180.0	1874.	754.0
A4.asc	0	198.0	2267.	970.0
A4.asc	2	197.0	2151.	826.0
A4.asc	4	209.0	1648.	793.0
A4.asc	5	172.0	2091.	930.0
A4.asc	6	192.0	1490.	691.0
A4.asc	8	177.0	1500.	145.0
A4.asc	9	178.0	1716.	798.0
A4.asc	10	126.0	1409.	156.0
A4.asc	12	185.0	1119.	367.0
A4.asc	14	216.0	1994.	943.0
A4.asc	15	176.0	1650.	1.000
A5.asc	2	211.0	2135.	1159.
A5.asc	4	157.0	947.0	0.0000
A5.asc	5	208.0	1327.	150.0
A5.asc	6	238.0	2356.	870.0
A5.asc	8	185.0	2310.	1157.
A5.asc	9	132.0	1988.	1217.
A5.asc	10	177.0	380.0	20.00
A5.asc	11	84.00	1030.	419.0
A5.asc	12	222.0	2162.	1210.
A5.asc	14	209.0	2327.	1061.
A5.asc	15	252.0	2046.	451.0
A5.asc	2	168.0	1909.	897.0
A5.asc	4	121.0	1369.	216.0
A5.asc	5	152.0	1922.	1195.
A5.asc	6	211.0	1656.	944.0
A5.asc	8	109.0	1181.	1311.
A5.asc	9	114.0	2114.	1046.
A5.asc	10	111.0	1589.	801.0
A5.asc	12	15.00	1120.	289.0
A5.asc	14	178.0	1835.	310.0
A5.asc	15	82.00	1889.	1074.
A5.asc	2	180.0	1639.	716.0
A5.asc	4	157.0	912.0	562.0
A5.asc	5	181.0	926.0	77.00
A5.asc	6	208.0	1818.	0.0000
A5.asc	9	218.0	1218.	18.00
A5.asc	10	191.0	1465.	985.0
A5.asc	11	0.0000	33.00	3.000
A5.asc	12	255.0	2753.	1183.
A5.asc	14	151.0	1511.	1061.
A5.asc	15	194.0	908.0	124.0
A5.asc	2	47.00	2007.	939.0
A5.asc	4	210.0	1757.	955.0
A5.asc	5	106.0	2344.	1154.
A5.asc	6	237.0	541.0	46.00
A5.asc	8	107.0	832.0	14.00
A5.asc	10	51.00	662.0	719.0
A5.asc	11	81.00	1140.	256.0
A5.asc	14	202.0	2033.	1142.
A5.asc	15	218.0	1211.	425.0
A5.asc	2	97.00	1554.	763.0
A5.asc	4	157.0	1045.	140.0
A5.asc	5	177.0	1671.	886.0
A5.asc	6	138.0	1785.	1000.
A5.asc	8	126.0	1644.	1145.
A5.asc	9	67.00	1076.	386.0
A5.asc	11	72.00	593.0	359.0
A5.asc	12	229.0	1989.	546.0
A5.asc	14	158.0	1794.	947.0
A5.asc	15	186.0	1114.	156.0
A5.asc	2	205.0	1344.	0.0000
A5.asc	4	165.0	1158.	225.0
A5.asc	5	179.0	2204.	1095.
A5.asc	6	30.00	1015.	64.00
A5.asc	8	200.0	1656.	922.0
A5.asc	9	183.0	1966.	916.0
A5.asc	10	104.0	1031.	824.0
A5.asc	14	156.0	1000.	99.00
A5.asc	15	141.0	1830.	1131.
A5.asc	2	146.0	2184.	809.0
A5.asc	4	178.0	1668.	836.0
A5.asc	5	248.0	1728.	1111.
A5.asc	6	124.0	1496.	411.0
A5.asc	8	227.0	2116.	1319.
A5.asc	9	190.0	973.0	851.0
A5.asc	10	93.00	1022.	442.0
A5.asc	11	74.00	204.0	0.0000
A5.asc	14	77.00	1176.	769.0
A5.asc	15	95.00	1539.	1150.
A2.asc	0	196.0	1699.	124.0
A2.asc	2	213.0	1661.	586.0
A2.asc	4	136.0	959.0	276.0
A2.asc	5	158.0	1356.	669.0
A2.asc	8	155.0	1027.	372.0
A2.asc	9	232.0	1842.	165.0
A2.asc	12	217.0	1246.	539.0
A2.asc	14	144.0	1242.	23.00
A2.asc	15	244.0	1612.	854.0
A2.asc	0	0.0000	596.0	422.0
A2.asc	2	36.00	645.0	177.0
A2.asc	4	64.00	620.0	147.0
A2.asc	5	156.0	1332.	212.0
A2.asc	6	43.00	851.0	109.0
A2.asc	8	146.0	1711.	531.0
A2.asc	9	132.0	807.0	13.00
A2.asc	10	62.00	715.0	246.0
A2.asc	12	16.00	332.0	228.0
A2.asc	13	102.0	576.0	404.0
A2.asc	15	154.0	1520.	976.0
A2.asc	2	23.00	672.0	366.0
A2.asc	4	68.00	198.0	460.0
A2.asc	9	106.0	411.0	69.00
A2.asc	10	30.00	1188.	88.00
A2.asc	13	94.00	1227.	327.0
A2.asc	14	142.0	951.0	575.0
A2.asc	0	62.00	661.0	597.0
A2.asc	2	121.0	662.0	213.0
A2.asc	4	73.00	994.0	424.0
A2.asc	5	89.00	1186.	480.0
A2.asc	8	98.00	824.0	703.0
A2.asc	9	106.0	1351.	681.0
A2.asc	10	52.00	435.0	253.0
A2.asc	13	69.00	534.0	231.0
A2.asc	14	64.00	801.0	360.0
A2.asc	0	135.0	1487.	542.0
A2.asc	2	50.00	1152.	533.0
A2.asc	4	8.000	1153.	543.0
A2.asc	6	57.00	447.0	819.0
A2.asc	8	1.000	937.0	391.0
A2.asc	9	50.00	825.0	726.0
A2.asc	10	55.00	968.0	532.0
A2.asc	14	67.00	1063.	306.0
A2.asc	15	137.0	1353.	526.0
A2.asc	0	87.00	545.0	0.0000
A2.asc	2	119.0	995.0	244.0
A2.asc	4	61.00	843.0	315.0
A2.asc	6	35.00	741.0	337.0
A2.asc	9	126.0	791.0	290.0
A2.asc	14	141.0	1001.	453.0
A2.asc	15	75.00	576.0	329.0
A2.asc	0	144.0	603.0	310.0
A2.asc	2	75.00	722.0	396.0
A2.asc	4	51.00	775.0	441.0
A2.asc	5	71.00	1035.	295.0
A2.asc	8	88.00	646.0	242.0
A1.asc	2	33.00	149.0	0.0000
A1.asc	8	218.0	1111.	491.0
A1.asc	9	127.0	759.0	124.0
A1.asc	12	107.0	1389.	1069.
A1.asc	14	236.0	1083.	108.0
A1.asc	15	230.0	597.0	34.00
A1.asc	4	35.00	783.0	146.0
A1.asc	5	80.00	818.0	71.00
A1.asc	6	42.00	354.0	124.0
A1.asc	8	124.0	1341.	954.0
A1.asc	9	135.0	1307.	267.0
A1.asc	12	133.0	1620.	724.0
A1.asc	14	79.00	978.0	512.0
A1.asc	15	137.0	882.0	347.0
A1.asc	2	99.00	319.0	17.00
A1.asc	4	170.0	906.0	164.0
A1.asc	5	198.0	1251.	519.0
A1.asc	6	34.00	995.0	727.0
A1.asc	8	113.0	454.0	0.0000
A1.asc	9	120.0	1253.	1007.
A1.asc	10	177.0	515.0	0.0000
A1.asc	11	2.000	247.0	96.00
A1.asc	14	168.0	1182.	246.0
A1.asc	15	163.0	1242.	463.0
A1.asc	2	143.0	391.0	10.00
A1.asc	4	116.0	834.0	429.0
A1.asc	5	88.00	1166.	188.0
A1.asc	6	75.00	1086.	523.0
A1.asc	8	245.0	792.0	1219.
A1.asc	11	58.00	1050.	414.0
A1.asc	12	71.00	1339.	972.0
A1.asc	14	35.00	1661.	374.0
A1.asc	15	165.0	1123.	704.0
A1.asc	2	79.00	405.0	40.00
A1.asc	5	191.0	952.0	173.0
A1.asc	6	200.0	608.0	286.0
A1.asc	8	130.0	1440.	848.0
A1.asc	9	136.0	451.0	962.0
A1.asc	10	99.00	922.0	128.0
A1.asc	11	0.0000	185.0	0.0000
A1.asc	12	121.0	1684.	473.0
A1.asc	14	31.00	1078.	886.0
A1.asc	15	171.0	975.0	124.0
A1.asc	2	72.00	698.0	303.0
A1.asc	5	71.00	894.0	666.0
A1.asc	6	69.00	1538.	274.0
A1.asc	8	197.0	745.0	429.0
A1.asc	9	41.00	865.0	128.0
A1.asc	10	14.00	246.0	229.0
A1.asc	14	34.00	993.0	48.00
A1.asc	15	60.00	726.0	379.0
A1.asc	2	42.00	204.0	11.00
A1.asc	4	40.00	273.0	83.00
A1.asc	5	26.00	555.0	327.0
A1.asc	8	204.0	432.0	75.00
A1.asc	9	207.0	1052.	242.0
A1.asc	10	174.0	1586.	322.0
A1.asc	11	91.00	90.00	0.0000
A1.asc	12	47.00	1578.	1059.
A1.asc	15	63.00	891.0	254.0
A7.asc	0	202.0	1495.	661.0
A7.asc	2	79.00	572.0	142.0
A7.asc	4	53.00	932.0	400.0
A7.asc	5	112.0	1159.	549.0
A7.asc	8	117.0	1079.	591.0
A7.asc	9	77.00	1768.	575.0
A7.asc	12	237.0	2354.	115.0
A7.asc	14	58.00	1394.	522.0
A7.asc	15	73.00	758.0	351.0
A7.asc	0	106.0	1052.	218.0
A7.asc	4	23.00	323.0	198.0
A7.asc	5	71.00	1287.	55.00
A7.asc	8	138.0	1035.	240.0
A7.asc	9	115.0	1263.	172.0
A7.asc	12	35.00	516.0	148.0
A7.asc	14	189.0	1665.	214.0
A7.asc	15	190.0	928.0	619.0
A7.asc	0	28.00	1206.	127.0
A7.asc	2	47.00	923.0	34.00
A7.asc	4	42.00	1208.	51.00
A7.asc	6	123.0	545.0	19.00
A7.asc	9	188.0	912.0	380.0
A7.asc	10	70.00	341.0	20.00
A7.asc	12	231.0	2292.	980.0
A7.asc	14	79.00	933.0	96.00
A7.asc	15	136.0	1951.	1001.
A7.asc	0	194.0	2370.	1037.
A7.asc	2	97.00	871.0	436.0
A7.asc	4	147.0	1240.	1136.
A7.asc	5	14.00	1314.	356.0
A7.asc	6	83.00	259.0	88.00
A7.asc	8	133.0	901.0	425.0
A7.asc	9	156.0	1655.	398.0
A7.asc	10	82.00	310.0	25.00
A7.asc	12	215.0	1105.	624.0
A7.asc	14	124.0	901.0	491.0
A7.asc	0	59.00	1478.	728.0
A7.asc	2	38.00	853.0	333.0
A7.asc	5	104.0	955.0	145.0
A7.asc	6	71.00	1006.	49.00
A7.asc	8	139.0	987.0	147.0
A7.asc	9	24.00	1674.	945.0
A7.asc	10	143.0	825.0	203.0
A7.asc	12	58.00	882.0	114.0
A7.asc	14	85.00	653.0	369.0
A7.asc	15	209.0	1437.	1002.
A7.asc	0	74.00	1326.	282.0
A7.asc	4	130.0	518.0	42.00
A7.asc	5	94.00	1004.	109.0
A7.asc	6	208.0	940.0	533.0
A7.asc	8	161.0	1528.	1004.
A7.asc	9	198.0	1481.	656.0
A7.asc	10	89.00	1670.	442.0
A7.asc	12	85.00	582.0	261.0
A7.asc	14	121.0	1284.	291.0
A7.asc	15	192.0	2158.	830.0
A7.asc	0	64.00	1773.	723.0
A7.asc	2	108.0	889.0	183.0
A7.asc	4	71.00	616.0	298.0
A7.asc	5	53.00	930.0	447.0
A7.asc	6	111.0	1000.	332.0
A7.asc	8	149.0	809.0	189.0
A7.asc	9	107.0	1275.	836.0
A7.asc	10	105.0	1459.	680.0
A7.asc	12	77.00	619.0	49.00
A7.asc	14	63.00	784.0	215.0
A7.asc	15	168.0	2083.	1026.
A6.asc	0	184.0	1210.	861.0
A6.asc	2	250.0	1735.	858.0
A6.asc	4	258.0	1721.	900.0
A6.asc	5	211.0	1798.	1109.
A6.asc	8	202.0	2228.	1278.
A6.asc	9	234.0	1680.	886.0
A6.asc	12	234.0	601.0	383.0
A6.asc	14	95.00	602.0	188.0
A6.asc	2	221.0	650.0	326.0
A6.asc	4	129.0	976.0	547.0
A6.asc	5	202.0	728.0	399.0
A6.asc	8	186.0	1698.	553.0
A6.asc	9	169.0	1510.	594.0
A6.asc	12	237.0	1346.	381.0
A6.asc	14	244.0	1287.	796.0
A6.asc	15	255.0	935.0	145.0
A6.asc	0	160.0	1120.	866.0
A6.asc	2	87.00	869.0	368.0
A6.asc	4	174.0	1089.	485.0
A6.asc	5	208.0	1969.	902.0
A6.asc	6	176.0	1404.	905.0
A6.asc	8	239.0	1353.	80.00
A6.asc	9	24.00	512.0	158.0
A6.asc	10	194.0	1183.	789.0
A6.asc	12	231.0	1014.	259.0
A6.asc	14	209.0	1762.	1178.
A6.asc	15	162.0	1079.	366.0
A6.asc	2	118.0	1250.	738.0
A6.asc	4	195.0	1177.	814.0
A6.asc	5	136.0	954.0	374.0
A6.asc	6	185.0	773.0	415.0
A6.asc	8	251.0	2019.	1032.
A6.asc	9	187.0	1594.	860.0
A6.asc	10	208.0	963.0	627.0
A6.asc	12	226.0	886.0	341.0
A6.asc	14	213.0	1758.	780.0
A6.asc	0	201.0	1702.	1069.
A6.asc	2	142.0	1727.	881.0
A6.asc	4	214.0	1920.	1139.
A6.asc	5	143.0	1051.	382.0
A6.asc	6	213.0	1151.	486.0
A6.asc	8	172.0	2110.	476.0
A6.asc	9	239.0	649.0	99.00
A6.asc	10	183.0	761.0	255.0
A6.asc	12	238.0	868.0	240.0
A6.asc	14	215.0	1148.	772.0
A6.asc	15	243.0	1283.	1158.
A6.asc	0	229.0	1847.	551.0
A6.asc	2	229.0	1800.	1017.
A6.asc	4	178.0	1592.	718.0
A6.asc	5	236.0	2292.	1006.
A6.asc	6	147.0	904.0	381.0
A6.asc	8	246.0	1642.	483.0
A6.asc	9	25.00	356.0	80.00
A6.asc	10	195.0	1401.	281.0
A6.asc	12	227.0	580.0	216.0
A6.asc	14	204.0	1452.	659.0
A6.asc	15	157.0	661.0	35.00
A6.asc	0	217.0	2346.	992.0
A6.asc	2	174.0	1534.	274.0
A6.asc	4	164.0	440.0	260.0
A6.asc	5	172.0	1224.	511.0
A6.asc	6	146.0	1126.	638.0
A6.asc	8	147.0	727.0	300.0
A6.asc	9	193.0	1858.	184.0
A6.asc	10	146.0	873.0	127.0
A6.asc	12	141.0	1093.	168.0
A6.asc	14	138.0	996.0	111.0
A6.asc	15	195.0	1053.	264.0
A3.asc	2	165.0	1239.	218.0
A3.asc	4	122.0	526.0	627.0
A3.asc	5	182.0	901.0	144.0
A3.asc	6	124.0	732.0	380.0
A3.asc	8	0.0000	411.0	0.0000
A3.asc	9	120.0	816.0	344.0
A3.asc	10	123.0	1656.	719.0
A3.asc	11	72.00	489.0	175.0
A3.asc	12	0.0000	603.0	655.0
A3.asc	14	88.00	1106.	454.0
A3.asc	15	124.0	1516.	515.0
A3.asc	2	120.0	542.0	95.00
A3.asc	4	155.0	1446.	532.0
A3.asc	5	189.0	1489.	796.0
A3.asc	6	158.0	701.0	157.0
A3.asc	8	173.0	1293.	115.0
A3.asc	9	230.0	1295.	608.0
A3.asc	10	153.0	370.0	108.0
A3.asc	11	115.0	1118.	0.0000
A3.asc	12	229.0	1322.	121.0
A3.asc	14	245.0	1996.	1091.
A3.asc	15	182.0	947.0	195.0
A3.asc	2	149.0	1189.	416.0
A3.asc	4	176.0	1124.	346.0
A3.asc	5	99.00	1638.	876.0
A3.asc	6	58.00	393.0	74.00
A3.asc	8	204.0	757.0	165.0
A3.asc	9	103.0	823.0	1.000
A3.asc	10	140.0	1730.	761.0
A3.asc	11	81.00	623.0	338.0
A3.asc	12	69.00	773.0	33.00
A3.asc	14	116.0	1336.	237.0
A3.asc	15	178.0	1982.	1018.
A3.asc	2	202.0	776.0	112.0
A3.asc	4	231.0	1120.	712.0
A3.asc	5	169.0	1428.	654.0
A3.asc	6	214.0	1641.	502.0
A3.asc	8	204.0	457.0	121.0
A3.asc	10	169.0	505.0	166.0
A3.asc	11	95.00	388.0	265.0
A3.asc	14	130.0	1893.	1201.
A3.asc	15	236.0	710.0	150.0
A3.asc	2	99.00	1242.	552.0
A3.asc	5	110.0	956.0	523.0
A3.asc	6	122.0	1224.	469.0
A3.asc	9	138.0	1362.	384.0
A3.asc	10	130.0	1162.	578.0
A3.asc	14	247.0	1954.	1076.
A3.asc	15	186.0	1824.	515.0
A3.asc	2	131.0	831.0	118.0
A3.asc	4	108.0	1096.	591.0
A3.asc	5	146.0	987.0	249.0
A3.asc	6	137.0	969.0	617.0
A3.asc	8	123.0	746.0	86.00
A3.asc	9	215.0	2257.	1010.
A3.asc	10	186.0	1213.	238.0
A3.asc	11	72.00	192.0	14.00
A3.asc	12	213.0	2194.	1171.
A3.asc	14	231.0	2368.	1203.
A3.asc	15	190.0	932.0	288.0
